100 : 11 21 26 29 31 33 34 35 36 37
200 : 12 21 26 29 31 33 34 35 36 37
300 : 13 22 26 29 31 33 34 35 36 37
400 : 14 22 27 29 31 33 34 35 36 37
500 : 15 23 27 30 31 33 34 35 36 37
600 : 16 23 27 30 32 33 34 35 36 37
700 : 17 24 28 30 32 34 35 36 37
800 : 18 24 28 30 32 35 36 37
900 : 19 25 28 32 36 37
1000 : 20 25 32 37
11 : 100
12 : 200
13 : 300
14 : 400
15 : 500
16 : 600
17 : 700
18 : 800
19 : 900
20 : 1000
21 : 100 200
22 : 300 400
23 : 500 600
24 : 700 800
25 : 900 1000
26 : 100 200 300
27 : 400 500 600
28 : 700 800 900
29 : 100 200 300 400
30 : 500 600 700 800
31 : 100 200 300 400 500
32 : 600 700 800 900 1000
33 : 100 200 300 400 500 600
34 : 100 200 300 400 500 600 700
35 : 100 200 300 400 500 600 700 800
36 : 100 200 300 400 500 600 700 800 900
37 : 100 200 300 400 500 600 700 800 900 1000
