c this is the SAT instance from the graph 
p cnf 20 62
10 57 0
10 60 0
10 67 0
10 68 0
10 94 0
12 51 0
12 57 0
12 60 0
12 67 0
12 68 0
12 93 0
12 94 0
12 101 0
12 118 0
12 139 0
40 62 0
40 93 0
47 56 0
47 62 0
47 68 0
51 58 0
51 68 0
51 82 0
51 93 0
56 60 0
56 67 0
56 93 0
56 97 0
57 62 0
57 94 0
57 97 0
58 60 0
58 67 0
58 68 0
58 82 0
58 93 0
58 101 0
58 118 0
58 139 0
60 93 0
60 94 0
60 97 0
62 68 0
62 82 0
62 97 0
62 101 0
62 118 0
62 139 0
67 82 0
68 97 0
82 93 0
82 94 0
82 97 0
82 101 0
82 118 0
82 139 0
93 94 0
93 97 0
93 101 0
93 129 0
94 139 0
97 101 0
